1
188
-82
131
-780
-49
1229
-324
386
-1654
-370
2344
-458
576
-2164
-1289
3550
-341
595
-2076
-2898
4494
420
187
-1168
-4937
4460
2232
-695
329
-6475
2470
5099
-1484
1497
-6146
-1862
7782
-700
1049
-3222
-7069
7542
3077
-1058
731
-9478
1963
8609
-1921
2006
-6070
-6994
10248
2526
-860
448
-11535
2485
10476
-2145
2181
-5966
-9872
10834
5269
-2088
2142
-12071
-2780
13795
9
448
-1471
-14449
5218
12339
-2745
2608
-6425
-13286
11271
9171
-3276
3368
-10760
-10491
14911
6256
-2792
3137
-13765
-7875
16875
4418
-2246
2725
-15537
-6563
18004
3866
-2129
2725
-16293
-7123
18693
4712
-2605
3306
-15920
-9750
18674
7195
-3559
4108
-13889
-14154
16912
11511
-4364
4206
-9605
-19083
11787
17143
-3528
2428
-3303
-21904
2040
21775
1126
-1438
2798
-19246
-11103
20801
10620
-4735
4664
-9871
-21852
9660
21154
-1699
144
1377
-21726
-9700
22480
10932
-5026
4754
-8712
-23937
6027
23924
1288
-2226
4217
-18193
-18442
17443
19338
-3784
1515
253
-23700
-10713
23334
13994
-5345
3881
-4037
-25876
-4575
25678
10392
-5459
4886
-6748
-26567
-1600
26517
9176
-5444
5117
-7159
-26990
-2228
26777
10457
-5666
4731
-5132
-27112
-6543
26011
14312
-5594
3242
-1049
-25610
-14104
22412
20374
-3662
34
3632
-20432
-22876
13397
26526
2467
-4214
5909
-10611
-28184
-2179
27604
13862
-5723
2746
792
-24082
-20009
16919
25965
1543
-4132
5981
-9617
-28613
-6058
26438
18105
-4468
89
4348
-18292
-26551
5457
28731
11101
-5985
3047
1163
-23108
-22921
12080
28279
7174
-5923
4289
-860
-24832
-21029
14191
27888
6342
-5864
4312
-630
-24315
-21995
12283
28302
8456
-6001
3160
1704
-21353
-25179
6076
28425
13610
-5263
407
4767
-15041
-28088
-4696
25304
21120
-1312
-3626
5807
-5527
-26474
-18006
14964
27363
8208
-5833
2120
3498
-16793
-27164
-3706
24657
21356
-174
-4377
5174
-2037
-23184
-22592
6626
27031
15311
-3664
-2111
5664
-6268
-25308
-18440
11477
26695
12152
-4567
-1064
5463
-7515
-25226
-17290
11689
26106
12232
-4225
-1534
5414
-5675
-23678
-19308
7718
25285
15242
-2420
-3238
4897
-1412
-19751
-22804
-532
22190
20143
2239
-4967
2476
3309
-12163
-24079
-11911
13569
23642
10755
-3627
-2085
4799
-2103
-18621
-21351
-1826
19519
20110
4498
-4714
485
4444
-6182
-20502
-17595
3468
20601
17057
1935
-4452
1423
3824
-7273
-19972
-15912
4086
19621
16130
2062
-4238
960
3873
-5536
-18021
-16541
817
17110
16957
4478
-3800
-678
3920
-1768
-14098
-17755
-5473
11873
17734
9034
-1682
-2827
2462
2176
-7552
-16414
-12454
2735
15093
14016
3718
-3131
-944
3182
-193
-9984
-15212
-8155
5986
14482
10969
1626
-2981
-154
2917
-975
-9576
-13363
-6625
5609
12715
9662
1639
-2568
-411
2482
-155
-7314
-11514
-7201
2854
10218
9411
3034
-1778
-1229
1639
1215
-3848
-8852
-8126
-1240
6342
8693
5070
27
-1690
128
1631
-382
-4764
-7179
-4683
1161
5784
5964
2621
-582
-1058
428
1078
-699
-3576
-4725
-2724
1026
3687
3589
1533
-323
-609
185
579
-217
-1555
-2138
-1368
127
1189
1225
584
13
-120
-10
