0
122
156
-229
-494
-14
730
561
-553
-1123
-125
1275
1068
-730
-1766
-437
1693
1718
-646
-2383
-1027
1867
2498
-190
-2852
-1919
1639
3294
729
-2968
-3033
838
3862
2091
-2464
-4122
-625
3846
3687
-1113
-4745
-2628
2849
5037
1109
-4342
-4698
657
5418
3800
-2456
-5983
-2474
4102
6022
877
-5464
-5579
833
6463
4743
-2518
-7075
-3619
4076
7315
2314
-5436
-7235
-931
6566
6896
-450
-7460
-6371
1766
8134
5729
-2976
-8620
-5034
4057
8956
4344
-4996
-9184
-3700
5793
9344
3141
-6453
-9474
-2694
6984
9603
2383
-7391
-9757
-2223
7676
9952
2230
-7839
-10198
-2415
7870
10492
2787
-7757
-10826
-3352
7475
11175
4110
-6999
-11509
-5052
6295
11780
6160
-5335
-11928
-7401
4088
11882
8722
-2537
-11563
-10050
681
10885
11281
1457
-9768
-12295
-3816
8145
12945
6291
-5981
-13073
-8732
3289
12527
10938
-143
-11177
-12665
-3299
8950
13654
6795
-5857
-13648
-10018
2023
12447
12578
2284
-9952
-14066
-6661
6227
14110
10575
-1533
-12465
-13432
-3648
9093
14661
8633
-4239
-13829
-12613
-1530
10788
14779
7351
-5772
-14509
-12168
-533
11546
14915
7032
-6168
-14783
-12376
-743
11474
15238
7780
-5413
-14676
-13256
-2196
10481
15619
9531
-3404
-13932
-14561
-4859
8296
15627
11998
-33
-12059
-15721
-8502
4596
14548
14540
4603
-8477
-15820
-12477
-727
11519
16069
9911
-2833
-13707
-15543
-7164
5912
15130
14508
4480
-8440
-15927
-13195
-2030
10426
16258
11804
-90
-11919
-16281
-10483
1826
12995
16131
9342
-3167
-13729
-15920
-8453
4116
14187
15729
7860
-4682
-14423
-15610
-7589
4879
14465
15591
7645
-4715
-14325
-15671
-8026
4188
13987
15826
8708
-3297
-13418
-16005
-9658
2036
12569
16136
10820
-407
-11376
-16121
-12110
-1570
9777
15841
13414
3852
-7719
-15165
-14587
-6352
5174
13956
15448
8935
-2161
-12097
-15790
-11405
-1238
9510
15404
13515
4856
-6187
-14093
-14964
-8431
2223
11729
15445
11608
2154
-8291
-14675
-13968
-6576
3914
12477
15076
10538
1070
-8841
-14556
-13457
-6123
3994
12202
14754
10539
1550
-8078
-13982
-13539
-7015
2601
10984
14420
11442
3438
-6016
-12757
-13873
-8944
-178
8593
13589
12714
6413
-2564
-10374
-13726
-11265
-4096
4718
11485
13415
9776
2140
-6300
-12076
-12867
-8420
-608
7367
12296
12246
7307
-485
-7999
-12269
-11662
-6489
1160
8267
12084
11184
5987
-1443
-8230
-11795
-10839
-5795
1368
7924
11426
10623
5884
-968
-7367
-10969
-10502
-6213
272
6563
10391
10424
6724
681
-5509
-9648
-10315
-7342
-1844
4204
8688
10081
7969
3152
-2660
-7457
-9628
-8494
-4510
915
5927
8861
8785
5797
954
-4102
-7706
-8712
-6860
-2824
2035
6128
8160
7536
4526
154
-4159
-7054
-7663
-5860
-2280
1913
5399
7127
6620
4104
412
-3295
-5895
-6640
-5370
-2537
959
4054
5846
5858
4151
1295
-1833
-4311
-5451
-4979
-3099
-414
2274
4204
4862
4125
2269
-129
-2372
-3847
-4186
-3360
-1663
388
2214
3331
3485
2696
1243
-436
-1878
-2717
-2777
-2111
-953
344
1431
2041
2066
1565
728
-188
-931
-1332
-1338
-1010
-490
43
441
620
584
397
174
8
