-1
5
-5
9
-62
-4
144
-43
59
-287
-87
514
-103
144
-567
-441
1126
-68
175
-661
-1297
1793
368
-37
-282
-2609
1877
1668
-579
525
-3647
342
3880
-836
938
-3069
-3232
5516
830
-124
-443
-6823
3350
5361
-1636
1701
-6200
-3995
9039
881
-92
-599
-10451
4007
8948
-2291
2325
-6727
-9056
11391
4868
-2043
2176
-12836
-3267
15066
490
69
-712
-16499
3597
15636
-2364
2142
-4618
-17933
9261
15062
-3770
3455
-7902
-18614
12924
14980
-4413
4111
-9597
-19915
14353
16351
-4717
4236
-9107
-22391
13016
19525
-4406
3481
-6066
-25331
7799
23938
-2255
1119
-838
-26420
-2265
27237
3708
-2890
4413
-22293
-15903
24682
14441
-5917
5595
-11378
-27095
11297
26009
-2014
193
1559
-26440
-11154
27255
12490
-5934
5769
-11107
-27943
8323
27683
775
-2169
4554
-21791
-20326
20901
21434
-4616
2051
-180
-27047
-11440
26430
15417
-5983
4324
-4373
-28608
-5664
28108
12191
-6045
5046
-6075
-28820
-4319
28258
12167
-6057
4789
-4838
-28525
-7515
27214
15300
-5842
3336
-1034
-26705
-14697
23335
21133
-3820
52
3741
-21110
-23612
13725
27339
2674
-4407
6048
-10476
-28868
-3069
27943
14939
-5675
2317
1606
-23478
-21816
15122
27252
3282
-4918
5840
-7109
-28556
-10458
24477
21475
-2687
-1882
5668
-13887
-28581
-2102
27674
16958
-4745
50
4684
-16946
-27788
1086
28279
15722
-5016
222
4719
-16408
-28146
-1046
27596
18003
-3944
-1353
5713
-12280
-28905
-8289
24285
23142
-196
-4246
5813
-4801
-26874
-19095
15049
28275
8403
-6050
2393
3331
-18178
-27984
-2335
26478
21254
-1174
-4066
5750
-3624
-25649
-22241
9766
28900
14219
-4764
-1244
5938
-8887
-28069
-17357
15273
28568
10926
-5565
-102
5653
-10320
-28360
-16734
15366
28643
11761
-5248
-944
5966
-7722
-27259
-20622
10186
28825
16603
-3104
-3526
5682
-1744
-22823
-26590
-1206
25548
24208
3503
-5995
2294
4620
-12618
-28577
-17251
13085
28906
16261
-2805
-4086
5163
719
-19255
-28560
-9730
19534
28208
11791
-4653
-2642
5799
-1237
-21186
-28087
-7979
20375
28100
11897
-4441
-3080
5543
209
-19084
-28756
-12422
16230
28886
16476
-1877
-5037
3755
3951
-12437
-28042
-21335
5355
26881
24239
5593
-5883
-978
6023
-1921
-20743
-28593
-12382
15159
28880
19029
609
-5922
1398
5821
-5407
-23599
-27644
-8863
17712
28892
17886
36
-5886
1330
5902
-4447
-22434
-28323
-12124
14267
28686
21272
3411
-5992
-1129
5872
399
-16681
-28664
-20713
3640
25013
27092
12074
-3108
-5073
2765
5520
-5644
-22749
-28458
-13970
11229
27769
24480
8087
-4685
-4083
3839
4920
-7260
-23701
-28243
-13543
11066
27531
25168
9546
-3899
-4874
2673
5740
-3808
-20295
-28903
-19529
3315
23796
28222
16355
546
-6064
-1194
5553
2780
-11135
-25725
-27465
-11998
11431
27241
26106
11996
-2127
-5819
255
5937
1543
-12754
-26387
-27139
-11674
11147
26910
26710
13571
-824
-6047
-1160
5372
3675
-8505
-23296
-28760
-18554
2633
22203
28845
20588
5565
-4814
-4729
2070
6048
193
-13825
-26470
-27488
-13841
7614
24715
28399
18700
4080
-5186
-4499
2188
6053
653
-12720
-25578
-28231
-16858
3459
21884
28910
22400
8495
-3083
-5838
-692
5278
4435
-5525
-19544
-28441
-25138
-9617
10743
25663
28281
19135
5332
-4402
-5399
245
5600
4012
-6046
-19637
-28352
-25686
-11325
8391
24093
28806
21816
8686
-2473
-6032
-2073
4106
5754
-732
-13248
-25047
-28731
-20751
-3696
14984
27028
27813
18654
5692
-3848
-5813
-1259
4547
5600
-1015
-13159
-24685
-28850
-22151
-6426
11962
25357
28692
21914
9700
-1279
-6008
-3675
2187
5975
3378
-6028
-18364
-27397
-27820
-18102
-1420
15788
26895
28203
20530
8547
-1736
-6024
-3753
1885
5856
4105
-4184
-16001
-25916
-28726
-22038
-7538
9675
23361
28883
25173
15004
3513
-4301
-5859
-2050
3426
6054
2828
-6155
-17633
-26597
-28584
-21739
-7734
8858
22444
28715
26336
17347
6102
-2702
-6057
-3831
1365
5518
5157
-983
-11295
-21912
-28322
-27279
-18212
-3545
12202
24134
28845
25640
16667
5898
-2527
-5962
-4208
571
4911
5609
1139
-7648
-17820
-25507
-27423
-22172
-10821
3461
16539
24779
26286
21468
12737
3514
-3078
-5329
-3451
652
4247
4914
1512
-5359
-13582
-20296
-22950
-20229
-12520
-1787
9093
17288
20904
19532
14267
7241
833
-3129
-3930
-2096
902
3258
3511
1078
-3566
-9054
-13628
-15720
-14487
-10060
-3498
3562
9417
12791
13176
10918
7030
2828
-485
-2181
-2154
-893
756
1896
1891
561
-1791
-4490
-6730
-7825
-7415
-5556
-2694
493
3287
5131
5757
5228
3878
2191
645
-413
-841
-708
-238
282
602
578
204
-407
-1069
-1587
-1826
-1732
-1347
-782
-180
328
657
780
724
556
347
161
33
-29
-40
-25
-7
3
5
2
0
